286	6.849136	3.635208	6.524765	0.079025	0.095154	0.067566
289	6.839615	3.597122	6.500961	0.058197	0.095154	0.068100
294	6.849136	3.644730	6.539047	0.044846	0.097824	0.077179
299	6.868179	3.589981	6.412888	0.030426	0.097290	0.085724
304	6.915787	3.578079	6.391464	0.022949	0.102631	0.095337
309	6.861038	3.578079	6.481918	0.016006	0.113312	0.105484
314	6.801529	3.516190	6.486679	0.011734	0.123459	0.114029
319	6.806290	3.568558	6.496201	0.010666	0.137878	0.119370
324	6.775345	3.516190	6.505722	0.006927	0.147491	0.121506
329	6.737259	3.592361	6.439072	0.001587	0.154968	0.122574
334	6.639664	3.528091	6.443832	0.001587	0.160843	0.120972
340	6.677750	3.463821	6.408127	-0.001083	0.168320	0.115631
344	6.670609	3.397171	6.405746	0.000519	0.177933	0.108688
349	6.661087	3.451920	6.443832	0.005859	0.184341	0.100677
354	6.699173	3.492386	6.386703	0.013870	0.192352	0.093201
359	6.768204	3.492386	6.405746	0.023483	0.199295	0.089996
364	6.732498	3.501907	6.367661	0.037903	0.208908	0.085724
369	6.720596	3.475723	6.412888	0.050720	0.217987	0.081451
374	6.713455	3.566177	6.498581	0.060867	0.226532	0.077179
379	6.644424	3.563797	6.431931	0.072083	0.237213	0.069168
385	6.670609	3.544754	6.441452	0.080627	0.237747	0.065430
389	6.687271	3.561417	6.450974	0.085968	0.237747	0.062225
394	6.699173	3.599503	6.517624	0.089706	0.230270	0.064362
399	6.646805	3.561417	6.531906	0.087570	0.223328	0.064362
404	6.684891	3.623306	6.446213	0.081696	0.212112	0.064362
411	6.665848	3.599503	6.496201	0.073685	0.195023	0.066498
415	6.596817	3.651871	6.498581	0.065140	0.179535	0.070770
420	6.594437	3.675674	6.462875	0.057129	0.162445	0.065964
425	6.525406	3.697098	6.422409	0.050186	0.142151	0.063293
430	6.582535	3.697098	6.455734	0.047516	0.124527	0.056351
435	6.584915	3.692337	6.508102	0.046448	0.109039	0.050476
440	6.625381	3.642349	6.505722	0.042175	0.093552	0.047272
445	6.630142	3.628067	6.441452	0.042709	0.082870	0.044067
450	6.627762	3.594742	6.496201	0.042175	0.073257	0.047272
455	6.651566	3.632828	6.493820	0.041641	0.062576	0.047806
460	6.623001	3.628067	6.560471	0.041641	0.059906	0.051544
464	6.644424	3.616165	6.553329	0.037903	0.055099	0.054749
470	6.663467	3.604263	6.610458	0.037369	0.050293	0.057953
475	6.711075	3.604263	6.569992	0.035767	0.049225	0.060089
480	6.668228	3.575699	6.593796	0.029892	0.053497	0.063828
485	6.625381	3.611404	6.719955	0.030960	0.058838	0.063293
490	6.703934	3.611404	6.603317	0.027756	0.068451	0.059555
495	6.646805	3.597122	6.567612	0.024551	0.079666	0.060089
500	6.730118	3.566177	6.574753	0.026688	0.098358	0.060089
505	6.758682	3.551895	6.574753	0.027756	0.112778	0.063828
510	6.727737	3.504288	6.667587	0.027756	0.128265	0.066498
515	6.713455	3.463821	6.646164	0.024551	0.148026	0.069702
520	6.701553	3.509048	6.715195	0.017075	0.159241	0.074509
525	6.720596	3.470963	6.734238	0.005325	0.173126	0.078781
530	6.706314	3.499527	6.765182	-0.006958	0.178467	0.084656
535	6.644424	3.485245	6.727097	-0.021378	0.177399	0.086258
541	6.651566	3.506668	6.646164	-0.050751	0.155502	0.088394
545	6.587296	3.501907	6.600937	-0.065704	0.137344	0.085724
550	6.558731	3.490005	6.562851	-0.073181	0.113846	0.080383
555	6.596817	3.535233	6.467636	-0.076920	0.085007	0.072372
560	6.542068	3.547134	6.486679	-0.079056	0.057236	0.062759
565	6.534927	3.513809	6.493820	-0.078522	0.028397	0.045670
570	6.513504	3.573318	6.517624	-0.075851	0.001694	0.030716
576	6.537308	3.506668	6.510483	-0.073181	-0.022873	0.013626
581	6.587296	3.501907	6.524765	-0.068909	-0.045837	-0.003464
586	6.618240	3.525711	6.543808	-0.064636	-0.063461	-0.017349
591	6.677750	3.475723	6.543808	-0.055023	-0.078415	-0.025360
596	6.701553	3.485245	6.555710	-0.045944	-0.089096	-0.037643
601	6.692032	3.494766	6.548569	-0.039001	-0.089630	-0.044052
606	6.756302	3.504288	6.596176	-0.029922	-0.096039	-0.050461
611	6.789627	3.501907	6.660446	-0.025650	-0.098709	-0.055801
616	6.799149	3.480484	6.662827	-0.019775	-0.093903	-0.056335
621	6.801529	3.494766	6.712814	-0.017105	-0.092300	-0.055801
626	6.789627	3.480484	6.674728	-0.017105	-0.087494	-0.053665
631	6.792007	3.461441	6.722336	-0.019241	-0.086426	-0.050995
636	6.825333	3.480484	6.703293	-0.021378	-0.082687	-0.045654
641	6.801529	3.506668	6.760422	-0.028854	-0.078415	-0.041916
646	6.789627	3.473343	6.827072	-0.037933	-0.075745	-0.035507
651	6.801529	3.478104	6.731857	-0.049149	-0.071472	-0.032303
656	6.822952	3.435257	6.750900	-0.055557	-0.066666	-0.031235
661	6.811050	3.473343	6.698532	-0.062500	-0.059189	-0.032303
666	6.749161	3.425735	6.691391	-0.066238	-0.048508	-0.034439
671	6.730118	3.461441	6.653305	-0.067841	-0.037827	-0.041382
676	6.739639	3.442398	6.689011	-0.066772	-0.027145	-0.048325
681	6.737259	3.425735	6.727097	-0.067841	-0.019669	-0.058472
687	6.727737	3.454300	6.738998	-0.068909	-0.011658	-0.065414
691	6.789627	3.435257	6.674728	-0.065170	-0.003113	-0.067017
702	6.782486	3.409073	6.727097	-0.060898	0.006500	-0.069687
703	6.749161	3.454300	6.741379	-0.057693	0.013443	-0.071823
706	6.739639	3.430496	6.674728	-0.056091	0.027863	-0.076096
712	6.732498	3.425735	6.793747	-0.054489	0.040146	-0.077698
717	6.749161	3.435257	6.758041	-0.057693	0.047623	-0.075027
722	6.784866	3.394791	6.722336	-0.059296	0.055634	-0.072891
727	6.761063	3.392410	6.715195	-0.064636	0.058838	-0.064880
732	6.725357	3.404312	6.738998	-0.067841	0.057236	-0.054199
737	6.732498	3.378128	6.860397	-0.068909	0.062576	-0.048859
742	6.684891	3.475723	6.903244	-0.071045	0.067383	-0.040314
747	6.656326	3.480484	6.943710	-0.077454	0.075928	-0.037643
752	6.599197	3.430496	7.007980	-0.085999	0.084473	-0.034439
757	6.630142	3.475723	6.915146	-0.097748	0.095688	-0.032837
762	6.620621	3.461441	6.872299	-0.108963	0.110641	-0.029633
767	6.613480	3.520950	6.788986	-0.114838	0.127197	-0.024826
774	6.546829	3.520950	6.808029	-0.118042	0.140549	-0.024826
777	6.611099	3.532852	6.781845	-0.120178	0.153900	-0.022690
782	6.568253	3.520950	6.796127	-0.122849	0.164047	-0.021088
788	6.515884	3.537613	6.779465	-0.128189	0.174728	-0.019485
792	6.477798	3.530472	6.855637	-0.133530	0.188080	-0.024826
797	6.451614	3.551895	6.874680	-0.141541	0.205704	-0.032837
802	6.513504	3.542374	6.938950	-0.153824	0.216385	-0.040848
807	6.468277	3.513809	6.934189	-0.165573	0.225464	-0.047791
812	6.525406	3.497147	6.898483	-0.175720	0.236145	-0.050995
818	6.499222	3.463821	6.838974	-0.186401	0.238281	-0.051529
822	6.430191	3.468582	6.746140	-0.191208	0.239349	-0.055267
827	6.437332	3.440018	6.655685	-0.193344	0.239883	-0.051529
832	6.487320	3.440018	6.593796	-0.190674	0.229736	-0.048859
838	6.465897	3.394791	6.593796	-0.184265	0.219589	-0.040314
843	6.415909	3.373367	6.605698	-0.169846	0.204636	-0.030701
848	6.413528	3.366226	6.615219	-0.158096	0.189682	-0.022156
852	6.432571	3.356705	6.658066	-0.145813	0.174728	-0.016281
858	6.408768	3.368607	6.753281	-0.134064	0.158707	-0.008804
863	6.442093	3.323380	6.605698	-0.128723	0.150162	-0.006134
868	6.151688	3.280533	6.358139	-0.109497	0.142685	-0.009872
872	6.363541	3.263870	6.672348	-0.084930	0.123459	-0.018951
878	6.508743	3.271011	6.853256	-0.066238	0.098358	-0.022690
883	6.487320	3.311478	6.717575	-0.058228	0.077530	-0.015747
888	6.401627	3.251968	6.619980	-0.044342	0.062042	-0.017349
893	6.539688	3.235306	6.708054	-0.032593	0.059906	-0.016815
898	6.539688	3.237686	6.729477	-0.014969	0.054031	-0.013077
903	6.489700	3.259109	6.855637	-0.005356	0.040146	-0.014145
908	6.480179	3.278152	6.855637	0.000519	0.026260	-0.009872
913	6.527786	3.225784	6.836594	0.001587	0.017181	-0.011475
918	6.492081	3.235306	6.888962	0.002121	0.002228	-0.011475
923	6.444473	3.282913	6.853256	0.001587	-0.005783	-0.010406
928	6.461136	3.330521	6.946091	-0.006958	-0.019135	-0.015747
933	6.487320	3.330521	6.903244	-0.014435	-0.029816	-0.020020
938	6.453995	3.320999	6.931808	-0.025116	-0.043167	-0.023758
944	6.473038	3.318619	6.953232	-0.036865	-0.055450	-0.031235
948	6.484940	3.306717	6.905624	-0.050751	-0.065598	-0.035507
953	6.470657	3.330521	7.031784	-0.063568	-0.072006	-0.038177
958	6.506363	3.344803	6.972275	-0.075317	-0.070404	-0.039780
963	6.539688	3.361465	7.012741	-0.086533	-0.061859	-0.043518
968	6.496841	3.354324	7.129379	-0.096680	-0.045837	-0.044052
973	6.546829	3.323380	7.257919	-0.114838	-0.026611	-0.046188
978	6.594437	3.268631	7.103195	-0.131927	-0.004715	-0.047791
983	6.461136	3.287674	7.096054	-0.145279	0.022522	-0.048859
989	6.465897	3.311478	7.110336	-0.155960	0.048157	-0.051529
993	6.565872	3.297195	7.174606	-0.167175	0.076996	-0.048859
998	6.584915	3.290054	7.053207	-0.173584	0.095688	-0.049393
1004	6.553970	3.244827	6.988937	-0.175720	0.115982	-0.045120
1019	6.513504	3.266251	6.908005	-0.175186	0.133606	-0.038712
1020	6.508743	3.251968	6.848495	-0.166107	0.144821	-0.034439
1021	6.468277	3.301956	6.793747	-0.158096	0.153900	-0.025360
1024	6.411148	3.318619	6.800888	-0.145813	0.158173	-0.023224
1029	6.342117	3.309097	6.912766	-0.130859	0.159775	-0.019485
1034	6.365921	3.299576	6.831833	-0.123917	0.159241	-0.015747
1039	6.389725	3.297195	6.858017	-0.116440	0.152298	-0.010406
1044	6.384964	3.280533	6.850876	-0.109497	0.139481	-0.006134
1049	6.287369	3.301956	6.879440	-0.102020	0.119186	-0.001328
1054	6.237381	3.328140	6.903244	-0.096146	0.100494	0.001343
1059	6.185013	3.366226	6.862778	-0.086533	0.085007	0.001343
1064	6.149307	3.351944	6.872299	-0.080658	0.063110	0.000275
1070	6.137405	3.370987	6.834213	-0.077454	0.041214	-0.007202
1074	6.165970	3.380508	6.896103	-0.077988	0.019318	-0.014145
1079	6.123123	3.340042	6.988937	-0.075851	-0.005249	-0.020020
1084	6.149307	3.309097	6.879440	-0.079056	-0.026611	-0.031235
1090	6.123123	3.337662	6.888962	-0.081726	-0.051712	-0.039246
1094	6.175491	3.309097	6.908005	-0.078522	-0.074142	-0.047791
1099	6.132645	3.244827	6.872299	-0.075851	-0.100845	-0.057938
1104	6.165970	3.263870	6.877060	-0.071579	-0.131287	-0.064346
1109	6.135025	3.211502	6.893723	-0.071045	-0.156387	-0.072357
1114	6.173111	3.209122	6.917526	-0.065704	-0.178818	-0.081436
1119	6.182632	3.168655	6.927048	-0.058228	-0.194839	-0.091583
1124	6.177872	3.194839	7.010361	-0.051819	-0.207657	-0.097458
1129	6.227859	3.163895	7.176987	-0.049683	-0.211929	-0.106537
1135	6.280228	3.118668	7.091293	-0.054489	-0.209793	-0.113480
1140	6.375443	3.092484	7.119858	-0.056625	-0.204987	-0.110809
1145	6.377823	3.078201	7.179367	-0.068375	-0.167603	-0.101730
1150	6.408768	3.118668	7.310287	-0.068375	-0.167603	-0.101730
1155	6.404007	3.063919	7.279343	-0.074783	-0.137695	-0.097458
1160	6.392105	3.099625	7.229355	-0.080124	-0.104050	-0.089981
1165	6.411148	3.094864	7.281723	-0.084396	-0.065598	-0.079834
1170	6.375443	3.142471	7.334091	-0.102554	0.000092	-0.070221
1175	6.389725	3.116287	7.269821	-0.112167	0.024124	-0.061676
1180	6.313553	3.113907	7.317429	-0.116974	0.042282	-0.055801
1185	6.289749	3.116287	7.315048	-0.129257	0.059372	-0.050995
1190	6.282608	3.104385	7.284103	-0.139938	0.070587	-0.044052
1202	6.256424	3.180557	7.200790	-0.147415	0.079132	-0.036575
1203	6.263565	3.111526	7.176987	-0.154358	0.087143	-0.030167
1205	6.292130	3.123428	7.174606	-0.156494	0.095688	-0.027496
1210	6.254044	3.097244	7.146042	-0.156494	0.100494	-0.022156
1215	6.194534	3.097244	7.191269	-0.158630	0.099960	-0.017349
1220	6.144547	3.104385	7.167465	-0.156494	0.098358	-0.013077
1225	6.201675	3.073441	7.091293	-0.154358	0.096222	-0.008804
1230	6.204056	3.109146	7.134140	-0.148483	0.090881	-0.002930
1235	6.158829	3.082962	7.093674	-0.142075	0.088211	-0.001328
1240	6.135025	3.123428	7.157944	-0.136734	0.087143	-0.002396
1246	6.137405	3.063919	7.155563	-0.128189	0.085007	-0.002396
1250	6.137405	3.063919	7.155563	-0.121246	0.081268	-0.002930
1255	6.123123	3.035355	7.160324	-0.110565	0.078598	-0.002396
1260	6.101700	3.059158	7.098434	-0.098816	0.072723	-0.003464
1265	6.101700	3.054398	7.136520	-0.086533	0.063644	-0.001328
1270	6.149307	3.040115	7.103195	-0.075317	0.053497	-0.000259
1276	6.127884	3.059158	7.210312	-0.066772	0.038544	0.001877
1280	6.123123	3.061539	7.079391	-0.053955	0.023590	0.004547
1285	6.115982	3.063919	7.162704	-0.043808	0.004898	0.007751
1291	6.049332	3.102005	7.077011	-0.034195	-0.019135	0.009354
1296	6.085037	3.052017	7.088913	-0.021912	-0.036224	0.006149
1301	6.049332	3.140091	7.117477	-0.007492	-0.060791	0.006683
1306	6.030289	3.109146	7.165085	0.004257	-0.083755	0.002945
1311	6.089798	3.113907	7.162704	0.013870	-0.101379	0.003479
1316	6.144547	3.099625	7.146042	0.022415	-0.120071	0.002945
1321	6.137405	3.073441	7.215073	0.032028	-0.136093	0.001877
1326	6.161209	3.113907	7.274582	0.035767	-0.146240	0.004013
1331	6.104080	3.102005	7.336472	0.037369	-0.147842	0.001877
1336	6.177872	3.080582	7.424545	0.035233	-0.148376	0.004013
1341	6.225479	3.102005	7.343613	0.033630	-0.143036	0.001877
1346	6.223099	3.099625	7.391220	0.035233	-0.130753	0.000275
1351	6.237381	3.073441	7.419785	0.029358	-0.119537	0.001343
1356	6.246902	3.075821	7.460251	0.027756	-0.100311	0.003479
1361	6.258804	3.106766	7.453110	0.024551	-0.084824	0.002411
1366	6.320694	3.052017	7.345993	0.023483	-0.067200	0.004013
1371	6.320694	3.082962	7.422165	0.024551	-0.050644	0.006683
1376	6.287369	3.078201	7.381699	0.025085	-0.038361	0.007751
1381	6.311172	3.099625	7.341232	0.022415	-0.027145	0.014160
1386	6.344498	3.090103	7.360275	0.024551	-0.022873	0.021103
1392	6.311172	3.071060	7.241257	0.024551	-0.014862	0.028046
1396	6.301651	3.099625	7.279343	0.025085	-0.010056	0.034988
1401	6.294510	3.080582	7.260300	0.026154	-0.003113	0.036057
1406	6.275467	3.092484	7.215073	0.028824	-0.008453	0.038193
1411	6.235001	3.135330	7.084152	0.032562	-0.006317	0.038193
1416	6.232620	3.142471	7.179367	0.038437	-0.008453	0.039795
1421	6.268326	3.182938	7.141281	0.044846	-0.017532	0.037659
1427	6.230240	3.121048	7.141281	0.049118	-0.025009	0.033920
1432	6.242142	3.190079	7.103195	0.053391	-0.033554	0.035522
1437	6.261185	3.251968	7.146042	0.057129	-0.042099	0.029648
1442	6.306412	3.206741	7.119858	0.060333	-0.054916	0.024307
1447	6.280228	3.199600	7.124619	0.059799	-0.060791	0.021103
1452	6.275467	3.282913	7.107956	0.060867	-0.072006	0.016830
1457	6.306412	3.194839	7.200790	0.054459	-0.073074	0.011490
1462	6.292130	3.244827	7.115097	0.048584	-0.077881	0.007751
1467	6.346878	3.237686	7.146042	0.046448	-0.080017	0.007751
1472	6.313553	3.263870	7.176987	0.043243	-0.080551	0.004547
1477	6.318314	3.218643	7.207932	0.040573	-0.080551	0.002411
1482	6.334976	3.261490	7.269821	0.031494	-0.079483	-0.006134
1487	6.344498	3.149612	7.231735	0.023483	-0.080017	-0.004532
1492	6.380203	3.213882	7.196030	0.019211	-0.077881	-0.007202
1497	6.377823	3.154373	7.191269	0.012268	-0.071472	-0.008804
1502	6.396866	3.175797	7.160324	0.008530	-0.060257	-0.008270
1507	6.489700	3.154373	7.184128	0.002121	-0.049042	-0.010406
1512	6.418289	3.178177	7.146042	0.000519	-0.035156	-0.006668
1518	6.480179	3.190079	7.196030	-0.001617	-0.015930	-0.005066
1522	6.430191	3.192459	7.205551	-0.002686	0.001160	-0.003464
1527	6.489700	3.201981	7.167465	-0.008560	0.015045	-0.001328
1532	6.408768	3.147232	7.103195	-0.012299	0.028931	0.000809
1537	6.425430	3.201981	7.160324	-0.013367	0.041748	0.002945
1543	6.392105	3.256729	7.067490	-0.016037	0.052963	0.004013
1548	6.380203	3.185318	7.077011	-0.018173	0.054565	0.005081
1552	6.356400	3.199600	7.119858	-0.022980	0.049759	0.007217
1557	6.327835	3.223404	7.067490	-0.032593	0.044418	0.004013
1562	6.315933	3.161514	7.007980	-0.039536	0.037476	0.002945
1568	6.342117	3.204361	6.984177	-0.044876	0.028397	0.003479
1573	6.313553	3.194839	7.031784	-0.051285	0.020386	0.000275
1578	6.289749	3.221024	7.038925	-0.056625	0.010239	-0.003998
1583	6.268326	3.204361	6.981796	-0.059830	0.001160	-0.006668
1588	6.296890	3.180557	7.012741	-0.065170	-0.005249	-0.013077
1593	6.311172	3.185318	6.953232	-0.064102	-0.016464	-0.018417
1598	6.313553	3.209122	6.953232	-0.065170	-0.020203	-0.022690
1603	6.342117	3.168655	7.005600	-0.064636	-0.027145	-0.022156
1608	6.301651	3.197220	6.962753	-0.066238	-0.034622	-0.027496
1613	6.349258	3.204361	6.962753	-0.065704	-0.039429	-0.029633
1618	6.354019	3.144852	6.955612	-0.065704	-0.048508	-0.030701
1623	6.392105	3.159134	7.007980	-0.062500	-0.053848	-0.031235
1628	6.377823	3.173416	6.979416	-0.056625	-0.060257	-0.032837
1633	6.406387	3.185318	6.972275	-0.058762	-0.064529	-0.034973
1638	6.449234	3.211502	6.984177	-0.055023	-0.067734	-0.037109
1643	6.484940	3.218643	6.991318	-0.059296	-0.070938	-0.040314
1648	6.487320	3.251968	7.062729	-0.063034	-0.076279	-0.043518
1653	6.499222	3.261490	7.077011	-0.073715	-0.079483	-0.048859
1658	6.525406	3.261490	7.046066	-0.085464	-0.080551	-0.059540
1663	6.573013	3.309097	7.072250	-0.100418	-0.083755	-0.065948
1668	6.658707	3.330521	7.036545	-0.117508	-0.089630	-0.075027
1673	6.675369	3.382889	7.077011	-0.135666	-0.090164	-0.081970
1678	6.672989	3.425735	7.029404	-0.153824	-0.091766	-0.088913
1683	6.765823	3.511429	7.074631	-0.174118	-0.099777	-0.103333
1688	6.765823	3.485245	7.031784	-0.197617	-0.106186	-0.119354
1702	6.803909	3.573318	7.107956	-0.232864	-0.118469	-0.138580
1703	6.870560	3.632828	6.991318	-0.264374	-0.136093	-0.157272
1704	6.980057	3.687576	6.891342	-0.297485	-0.157990	-0.173828
1709	7.008621	3.687576	6.886581	-0.328461	-0.179352	-0.191986
1714	7.015762	3.801834	6.855637	-0.361038	-0.206589	-0.213348
1719	7.060989	3.866104	6.855637	-0.395218	-0.241302	-0.235245
1724	7.206192	3.854202	6.750900	-0.432068	-0.276550	-0.260880
1729	7.299026	3.977982	6.722336	-0.467850	-0.318207	-0.288116
1734	7.320450	4.032730	6.674728	-0.501495	-0.356659	-0.315887
1739	7.306168	4.144608	6.710434	-0.536743	-0.390839	-0.349533
1744	7.415665	4.185074	6.731857	-0.570923	-0.422882	-0.394928
1749	7.513260	4.216019	6.767563	-0.637146	-0.489639	-0.483047
1754	7.603714	4.268387	6.696152	-0.637146	-0.489639	-0.483047
1759	7.651321	4.361221	6.650925	-0.668655	-0.527557	-0.528976
1764	7.756058	4.475479	6.603317	-0.699097	-0.574020	-0.577576
1769	7.789383	4.568314	6.574753	-0.729004	-0.629562	-0.632050
1774	7.751297	4.630203	6.593796	-0.758911	-0.697922	-0.688660
1779	7.782242	4.677811	6.520004	-0.794693	-0.785507	-0.753815
1784	7.791763	4.761124	6.603317	-0.830475	-0.891251	-0.826447
1789	7.741776	4.801590	6.541428	-0.870529	-1.023163	-0.907623
1794	7.708450	4.796829	6.579514	-0.918594	-1.179108	-1.003754
1800	7.715591	4.863480	6.536667	-0.969330	-1.361221	-1.105759
1804	7.717972	4.937271	6.331955	-1.069199	-1.794342	-1.338608
1809	7.717972	4.996780	6.298630	-1.111389	-2.022919	-1.467850
1814	7.720352	4.987259	6.160568	-1.142365	-2.249893	-1.599228
1819	7.777481	4.987259	6.096298	-1.157852	-2.470459	-1.731674
1824	7.889359	5.018204	5.920151	-1.157318	-2.677673	-1.866257
1829	7.996475	5.115799	5.927292	-1.145569	-2.852844	-1.998169
1834	8.046463	5.151505	5.822556	-1.117264	-2.999176	-2.122070
1839	8.205948	5.172928	5.784470	-1.077209	-3.131622	-2.239029
1845	8.334488	5.127701	5.736862	-1.022736	-3.245377	-2.345840
1850	8.741531	5.072952	5.708298	-0.964523	-3.348984	-2.437164
1855	8.741531	5.072952	5.708298	-0.897232	-3.446182	-2.518341
1860	8.886734	5.044388	5.686874	-0.826736	-3.527893	-2.584030
1865	8.991470	5.091995	5.767807	-0.753571	-3.578094	-2.644379
1870	9.093826	5.134842	5.848740	-0.677734	-3.607468	-2.700455
1875	9.129532	5.141983	5.965378	-0.605103	-3.613342	-2.745850
1880	9.229507	5.125320	6.036789	-0.539413	-3.611206	-2.783768
1885	9.296158	5.091995	6.112961	-0.480667	-3.621887	-2.810471
1890	9.308060	5.027725	6.153427	-0.433670	-3.645920	-2.834503
1895	9.167618	4.889664	5.993942	-0.390945	-3.690781	-2.849457
1900	9.015274	4.870621	5.663071	-0.349823	-3.767685	-2.861206
1905	8.922440	4.827774	5.365524	-0.306030	-3.877701	-2.871353
1910	8.801041	4.884903	5.175095	-0.259567	-4.025101	-2.880966
1915	8.736771	4.863480	4.870407	-0.209366	-4.217361	-2.890579
1923	8.643936	4.942032	4.868027	-0.158096	-4.414963	-2.903931
1925	8.570145	5.044388	4.863266	-0.103088	-4.591736	-2.929031
1930	8.498734	5.108658	4.932297	-0.044342	-4.725250	-2.966415
1935	8.446365	5.177689	4.948959	0.008530	-4.809097	-3.012878
1940	8.417801	5.211014	5.029892	0.056595	-4.869980	-3.076431
1945	8.503494	5.172928	5.041794	0.093445	-4.909500	-3.139450
1951	8.424942	5.325272	5.186996	0.118546	-4.930328	-3.205673
1955	8.360672	5.399063	5.094162	0.141510	-4.923386	-3.272964
1960	8.263077	5.425247	4.960861	0.158600	-4.903091	-3.340256
1965	8.148819	5.446671	4.608566	0.181564	-4.879059	-3.399536
1970	8.044083	5.382401	4.311020	0.214142	-4.861969	-3.444397
1975	8.029800	5.372879	3.863510	0.246719	-4.861969	-3.475372
1980	8.010757	5.277664	3.568344	0.282501	-4.892944	-3.481247
1985	8.029800	5.168167	3.235092	0.325760	-4.958633	-3.463623
1990	7.965530	5.065811	3.075607	0.366882	-5.051025	-3.427841
1996	7.948868	4.970596	2.787582	0.411209	-5.159973	-3.370697
2001	7.939346	4.889664	2.430527	0.460876	-5.283875	-3.300735
2005	7.901260	4.894424	2.197250	0.512680	-5.424332	-3.219025
2018	7.763199	4.861099	2.016342	0.571960	-5.595764	-3.134644
2019	7.734634	4.868240	2.056808	0.631775	-5.769867	-3.050262
2021	7.658463	4.906326	2.273422	0.691589	-5.915131	-2.982437
2026	7.496597	5.084854	2.551926	0.751938	-6.002182	-2.929031
2031	7.477554	5.144363	2.561447	0.811752	-6.017670	-2.895920
2036	7.532303	5.096756	2.678085	0.871567	-5.978149	-2.870819
2041	7.622757	5.061050	2.730453	0.932983	-5.914597	-2.846252
2046	7.617996	5.034866	2.835190	0.992798	-5.826477	-2.812607
2051	7.591812	5.106277	2.889938	1.056351	-5.693497	-2.777893
2056	7.468033	5.034866	3.035141	1.119370	-5.515121	-2.738907
2061	7.358536	4.911087	3.104172	1.171173	-5.296692	-2.698853
2066	7.334732	4.739700	2.835190	1.226715	-5.062775	-2.652390
2071	7.134781	4.632584	2.511459	1.281189	-4.846481	-2.596313
2076	6.961014	4.494522	2.211533	1.342072	-4.676651	-2.530624
2081	6.813431	4.299332	1.721176	1.405090	-4.571442	-2.455856
2086	6.744400	4.189835	1.392685	1.473984	-4.544205	-2.371475
2091	6.653946	4.063675	1.016586	1.551956	-4.559158	-2.284958
2097	6.482559	4.097000	0.623825	1.645950	-4.590668	-2.193634
2101	6.439713	4.144608	0.421494	1.754364	-4.626984	-2.108719
2106	6.392105	4.201736	0.297714	1.868652	-4.655289	-2.025406
2111	6.161209	4.244583	0.076340	1.991486	-4.673981	-1.946899
2116	6.173111	4.235062	-0.152176	2.124466	-4.684662	-1.883881
2121	6.213577	4.118423	-0.261673	2.257980	-4.698013	-1.825668
2126	6.130264	4.204117	-0.311661	2.397903	-4.706024	-1.763718
2131	6.008865	4.294571	-0.440201	2.541031	-4.711365	-1.713516
2136	5.923172	4.299332	-0.652054	2.688431	-4.707092	-1.676666
2142	5.951736	4.258865	-0.866287	2.845978	-4.695343	-1.642487
2147	5.870804	4.315994	-1.059097	3.007263	-4.679855	-1.615250
2152	5.708939	4.389786	-1.142410	3.174957	-4.645676	-1.600296
2157	5.654190	4.456436	-1.318558	3.348526	-4.588531	-1.607239
2162	5.623245	4.492142	-1.454239	3.524231	-4.506287	-1.617386
2167	5.720840	4.489761	-1.599442	3.702072	-4.403748	-1.633942
2172	5.758926	4.449295	-1.847000	3.878845	-4.280380	-1.648895
2177	5.649429	4.308853	-2.030289	4.060959	-4.139923	-1.659576
2182	5.630386	4.008926	-2.218338	4.235596	-3.989319	-1.675598
2187	5.739883	3.823257	-2.423050	4.404892	-3.845123	-1.687347
2202	5.818436	3.632828	-2.492081	4.566177	-3.720688	-1.690018
2203	5.599442	3.449539	-2.875320	4.728531	-3.595718	-1.687881
2204	5.706558	3.052017	-3.294266	4.895157	-3.464874	-1.684143
2207	5.808914	2.718765	-3.727493	5.072464	-3.337769	-1.671860
2212	5.794632	2.528336	-4.022659	5.263657	-3.213333	-1.644623
2217	5.839859	2.354568	-4.263077	5.467133	-3.099045	-1.606171
2222	6.023148	2.185562	-4.443985	5.671677	-3.003983	-1.559708
2227	6.013626	1.857071	-4.653458	5.878357	-2.914795	-1.502029
2232	5.754166	1.566666	-4.848648	6.088776	-2.818665	-1.435272
2237	5.663712	1.250076	-5.070023	6.299728	-2.699036	-1.366379
2242	5.925552	0.978714	-5.148575	6.513885	-2.562851	-1.294815
2247	5.847000	0.771622	-5.234268	6.722168	-2.409042	-1.212570
2253	5.692276	0.559769	-5.331863	6.926178	-2.238144	-1.131927
2257	5.630386	0.414566	-5.486588	7.120575	-2.053894	-1.055557
2262	5.428055	0.319351	-5.455643	7.305893	-1.856827	-0.992538
2268	5.275711	0.307449	-5.453262	7.476791	-1.638397	-0.947144
2272	5.087662	0.193192	-5.584183	7.628998	-1.404480	-0.917770
2278	4.837723	-0.078171	-5.672256	7.763046	-1.158279	-0.907623
2283	4.873428	-0.135300	-6.074539	7.876801	-0.914215	-0.917236
2288	4.235489	0.231277	-6.317337	7.968124	-0.682434	-0.945541
2293	3.507095	0.426468	-6.650589	8.026337	-0.488571	-1.034729
2300	3.090530	0.155106	-6.262589	8.047165	-0.316071	-1.189072
2303	3.171463	-0.242416	-5.834122	8.016190	-0.174545	-1.389343
2308	3.254776	-0.877975	-5.117630	7.911514	-0.080551	-1.606705
2313	3.411880	-1.575424	-4.563004	7.742752	-0.026611	-1.821930
2318	3.342850	-2.275253	-4.317825	7.518982	0.010239	-2.037155
2323	3.419022	-3.144089	-4.401138	7.264236	0.034271	-2.260391
2328	3.666580	-3.820114	-4.615372	7.002548	0.071655	-2.475616
2333	3.857010	-4.046249	-5.377090	6.753677	0.116516	-2.674286
2338	3.873672	-4.136703	-6.479202	6.544861	0.164581	-2.854797
2343	3.835587	-4.698471	-7.588455	6.400131	0.232407	-3.028366
2348	3.837967	-5.381638	-8.421585	6.322693	0.329605	-3.196060
2353	4.099808	-5.798203	-8.945267	6.289581	0.411316	-3.363754
2358	4.192642	-5.919601	-9.383255	6.278366	0.464722	-3.527710
2363	4.056961	-5.762497	-9.942642	6.274094	0.489822	-3.691132
2368	3.992691	-5.598251	-10.330643	6.281570	0.493561	-3.875381
2373	4.121231	-5.672043	-10.421097	6.278366	0.500504	-4.074051
2378	4.292618	-5.971970	-9.975967	6.247391	0.502106	-4.278595
2383	4.628250	-6.459946	-9.383255	6.171555	0.521866	-4.490616
2388	5.175735	-6.959824	-8.947647	6.046051	0.557648	-4.696762
2393	5.404251	-7.842941	-8.631058	5.878357	0.619064	-4.887421
2399	5.637527	-8.776047	-8.700089	5.689835	0.722137	-5.049240
2403	6.346878	-9.513962	-8.711990	5.505585	0.890366	-5.171005
2408	6.732498	-10.035263	-8.381119	5.319199	1.101852	-5.251114
2413	7.037186	-10.835068	-8.540604	5.118927	1.329361	-5.323212
2418	7.089554	-11.606308	-9.340408	4.934677	1.569687	-5.387833
2424	7.301407	-12.080002	-10.118790	4.685272	2.041260	-5.472748
2429	7.648941	-12.158554	-10.785294	4.602493	2.207886	-5.497849
2434	7.672745	-12.296616	-11.061417	4.519714	2.315231	-5.532028
2439	7.539444	-12.560837	-11.270889	4.429459	2.380386	-5.571548
2444	7.541824	-12.825058	-11.316116	4.329590	2.394806	-5.611069
2449	7.753677	-12.827438	-11.263748	4.209427	2.361694	-5.644714
2454	7.670364	-12.758408	-11.268509	4.078583	2.330185	-5.683701
2459	7.779861	-12.856003	-11.432755	3.945068	2.309357	-5.714676
2464	8.025040	-12.898849	-11.685074	3.809418	2.301880	-5.746719
2469	8.260696	-12.770309	-11.818375	3.673233	2.324844	-5.771820
2474	8.584427	-12.484665	-11.899307	3.540787	2.376648	-5.787842
2479	8.981949	-12.218063	-11.920731	3.398193	2.474915	-5.783569
2484	9.403275	-12.091904	-11.651749	3.237976	2.616974	-5.770752
2489	9.615128	-12.165695	-11.408951	3.062271	2.790543	-5.746185
2494	9.972183	-12.365646	-10.918594	2.862000	2.989746	-5.715744
2500	10.393509	-12.318039	-10.592484	2.643570	3.200699	-5.683701
2504	10.750565	-11.980026	-10.611526	2.405914	3.396164	-5.671951
2509	10.345901	-11.511093	-10.506790	2.179474	3.600708	-5.713074
2514	10.412552	-11.901474	-10.932877	1.970123	3.821808	-5.778763
2519	10.410172	-12.832199	-10.682938	1.768250	4.047180	-5.852997
2524	11.159988	-13.251144	-9.925980	1.566910	4.257065	-5.926163
2529	11.838394	-13.253525	-9.511795	1.343674	4.399658	-5.962479
2534	11.919327	-13.084518	-9.535599	1.113495	4.501663	-5.955002
2539	12.502518	-13.005966	-9.971207	0.903610	4.576965	-5.922424
2544	12.492996	-12.817917	-10.385391	0.727905	4.616486	-5.855667
2550	12.450150	-12.410873	-10.578201	0.586914	4.631973	-5.779297
2555	12.452530	-11.913376	-10.711502	0.474762	4.612213	-5.696518
2559	12.259720	-11.356369	-10.663895	0.379166	4.552399	-5.603592
2565	11.950272	-10.713669	-10.537735	0.292114	4.458405	-5.520279
2570	11.840775	-10.111435	-10.349686	0.202927	4.328094	-5.451385
2575	11.750320	-9.425888	-10.168777	0.107864	4.173752	-5.393707
2580	11.433731	-8.668930	-9.785538	0.010132	4.000183	-5.353653
2585	11.143326	-7.909592	-9.190445	-0.097214	3.837296	-5.334961
2590	10.817215	-6.878891	-8.631058	-0.216843	3.702179	-5.346710
2595	10.805313	-6.117172	-8.623917	-0.347153	3.599640	-5.384628
2600	11.002884	-5.729172	-8.526321	-0.474258	3.517395	-5.435364
2605	11.186172	-6.043381	-8.188309	-0.600830	3.460785	-5.489838
2610	11.424210	-6.633713	-7.431351	-0.733810	3.438889	-5.537903
2615	11.545609	-7.116928	-6.695816	-0.881744	3.447968	-5.581696
2620	11.547989	-7.583481	-6.193558	-1.049438	3.487488	-5.609467
2625	11.238541	-7.642990	-5.358047	-1.224075	3.555313	-5.636169
2630	11.262344	-7.166916	-4.936722	-1.410461	3.623138	-5.653793
2635	11.659866	-6.931259	-5.012894	-1.592041	3.687759	-5.647385
2640	11.802689	-6.562302	-5.022415	-1.749054	3.736893	-5.601456
2645	11.755081	-6.226669	-5.031937	-1.885239	3.755585	-5.529358
2650	11.452774	-5.814865	-4.905777	-2.003265	3.746506	-5.447647
2656	11.169510	-5.272141	-4.765335	-2.106873	3.728348	-5.377151
2660	11.043350	-4.857956	-4.617752	-2.205139	3.684555	-5.320007
2665	10.902908	-4.646103	-4.689163	-2.289520	3.603912	-5.267136
2670	10.605362	-4.405685	-4.529678	-2.373367	3.494431	-5.216934
2675	10.474442	-3.958176	-4.232132	-2.456680	3.382278	-5.172607
2680	10.341141	-3.524948	-3.825089	-2.548538	3.277069	-5.131485
2685	10.179276	-3.189316	-3.463272	-2.643066	3.184677	-5.096771
2704	10.174515	-2.965561	-3.191910	-2.745071	3.099762	-5.067932
2705	10.372086	-2.998886	-3.068130	-2.847610	3.033005	-5.043900
2705	10.226883	-3.053635	-2.820572	-2.942139	2.982803	-5.005981
2706	10.022171	-3.110764	-2.394485	-3.038803	2.946487	-4.969131
2711	9.941238	-3.029831	-1.920792	-3.140274	2.929932	-4.927475
2715	9.941238	-3.027451	-1.447098	-3.252426	2.922989	-4.887421
2720	9.915054	-3.017929	-1.099564	-3.372589	2.920319	-4.837753
2726	9.979324	-3.025070	-0.932938	-3.495422	2.912842	-4.783279
2731	10.081680	-3.160751	-0.873428	-3.612381	2.910172	-4.710114
2736	9.567520	-2.953659	-0.568741	-3.717056	2.917114	-4.628937
2741	9.458023	-2.879868	-0.452103	-3.817993	2.937408	-4.554169
2746	9.350906	-2.725143	-0.409256	-3.905579	2.954498	-4.474594
2751	9.077164	-2.687057	-0.380692	-3.977142	2.981201	-4.391281
2756	8.741531	-2.477585	-0.087906	-4.042297	3.015915	-4.307968
2761	8.534439	-2.337143	-0.078384	-4.095703	3.052231	-4.235870
2766	8.441605	-2.182419	0.023972	-4.138962	3.098694	-4.170181
2771	8.486832	-2.125290	0.045395	-4.174210	3.123260	-4.097549
2776	8.046463	-1.875351	0.216782	-4.206787	3.143021	-4.023315
2781	7.772720	-1.715866	0.252487	-4.232956	3.147827	-3.963501
2786	7.698929	-1.725388	0.162033	-4.253784	3.139282	-3.918106
2791	7.498978	-1.842026	0.157272	-4.268738	3.102966	-3.875916
2796	7.391861	-1.927719	0.126328	-4.280487	3.054367	-3.836929
2802	7.158585	-1.951523	0.212021	-4.282623	2.987076	-3.805420
2806	6.908646	-1.968185	0.364365	-4.289566	2.908569	-3.779251
2811	6.599197	-1.884872	0.533371	-4.294907	2.805496	-3.770172
2816	6.404007	-1.892014	0.588120	-4.307724	2.691742	-3.768570
2821	6.204056	-2.037216	0.578598	-4.322144	2.568909	-3.782455
2826	6.070755	-2.303818	0.647629	-4.340302	2.442337	-3.802750
2831	6.051712	-2.627548	0.759506	-4.355789	2.310425	-3.818237
2836	6.006485	-2.906052	0.892807	-4.373413	2.172638	-3.823578
2841	5.980301	-3.110764	1.057053	-4.401184	2.019363	-3.819305
2846	5.854141	-3.251205	1.237961	-4.428955	1.852737	-3.799545
2852	5.675613	-3.344040	1.552170	-4.460464	1.688248	-3.772842
2857	5.463760	-3.289291	1.916367	-4.493042	1.545120	-3.737595
2862	5.354263	-3.251205	2.092514	-4.534164	1.413742	-3.706085
2867	5.242386	-3.289291	2.263901	-4.572617	1.297318	-3.678848
2872	5.209061	-3.344040	2.337692	-4.612671	1.194778	-3.647339
2877	5.111465	-3.386887	2.563828	-4.655396	1.105057	-3.611557
2882	4.961502	-3.315475	2.882797	-4.700256	1.022278	-3.566696
2887	4.823441	-3.229782	3.218430	-4.753128	0.951248	-3.526642
2892	4.635391	-3.129807	3.477890	-4.818817	0.891968	-3.484985
2897	4.549698	-3.148849	3.537399	-4.891983	0.828949	-3.451874
2902	4.535416	-3.286911	3.734970	-4.974228	0.765930	-3.419830
2907	4.399734	-3.317856	4.101547	-5.066620	0.711456	-3.393661
2912	4.352127	-3.455917	4.463364	-5.179306	0.651108	-3.381378
2917	4.306900	-3.686813	4.729965	-5.314423	0.593430	-3.385651
2922	4.237869	-3.936752	5.017990	-5.466095	0.524002	-3.400604
2927	4.337845	-4.181931	5.108444	-5.628448	0.463654	-3.421967
2932	4.504471	-4.389023	5.163193	-5.789200	0.410782	-3.443329
2937	4.742508	-4.493759	5.227463	-5.948883	0.346695	-3.462555
2942	4.885330	-4.524704	5.460739	-6.107498	0.277267	-3.471100
2947	4.925797	-4.515182	5.729721	-6.265579	0.224930	-3.480179
2952	4.904373	-4.550888	5.993942	-6.415649	0.190216	-3.497803
2958	4.982925	-4.669907	6.217697	-6.560913	0.169388	-3.529312
2962	5.011490	-4.669907	6.362900	-6.687485	0.146957	-3.561890
2967	4.949600	-4.615158	6.336716	-6.807648	0.125595	-3.600876
2972	5.018631	-4.684189	6.229599	-6.900574	0.105301	-3.648407
2977	5.106705	-4.884140	6.277206	-6.966263	0.083405	-3.703415
2982	5.249527	-5.181686	6.343857	-7.010056	0.049759	-3.758957
2988	5.040054	-5.672043	6.472397	-7.042099	0.010773	-3.819305
2993	5.149551	-6.148117	6.562851	-7.047974	-0.013260	-3.890335
2998	5.363785	-6.557541	6.972275	-7.041031	-0.037292	-3.970978
3004	5.768448	-6.938400	7.081772	-7.019669	-0.084290	-4.046814
3019	5.942215	-7.378769	7.417404	-6.981750	-0.149979	-4.110367
3020	6.106461	-7.719162	7.933945	-6.934753	-0.228485	-4.170715
3021	6.311172	-7.966721	8.364792	-6.878677	-0.306992	-4.227859
3022	6.534927	-8.114304	8.793259	-6.800705	-0.367340	-4.275925
3028	6.853897	-8.364243	9.076523	-6.709381	-0.412201	-4.323456
3033	7.322830	-8.554672	9.443100	-6.594025	-0.430893	-4.357635
3038	7.598953	-8.635605	9.614487	-6.454636	-0.430359	-4.376328
3043	7.922684	-8.714157	9.900131	-6.288010	-0.434631	-4.389145
3048	8.122635	-8.759384	10.373825	-6.104828	-0.427155	-4.396622
3053	8.053604	-8.918869	11.149826	-5.712830	-0.339569	-4.435608
3058	8.203568	-9.125961	11.885361	-5.524307	-0.264801	-4.479401
3063	8.196426	-9.221176	12.701828	-5.346466	-0.175613	-4.545090
3068	8.360672	-9.563950	13.449265	-5.187317	-0.060257	-4.618790
3075	8.479691	-10.035263	14.122910	-5.041519	0.069519	-4.705841
3078	8.460648	-10.437546	14.803696	-4.917084	0.204636	-4.807846
3083	8.539200	-10.811264	15.560654	-4.815613	0.327469	-4.925339
3088	8.536819	-11.234970	16.020065	-4.722153	0.441757	-5.047104
3093	8.408279	-11.620590	16.172409	-4.630295	0.550705	-5.182755
3098	8.415421	-12.039536	16.253342	-4.526688	0.642029	-5.329620
3104	8.284500	-12.263290	16.270004	-4.412933	0.720001	-5.483963
3108	8.094070	-12.517990	16.336655	-4.287964	0.779816	-5.643112
3113	7.941727	-12.713181	16.434250	-4.146973	0.821472	-5.803329
3120	7.867935	-12.896469	16.162888	-3.984085	0.860458	-5.966217
3123	7.656082	-13.096420	15.772507	-3.789688	0.883957	-6.130173
3128	7.191910	-13.067856	15.260727	-3.559509	0.893036	-6.305344
3133	7.451370	-13.424911	14.484726	-3.302628	0.871140	-6.471436
3138	7.127640	-13.496323	14.003891	-3.018509	0.815063	-6.633255
3143	7.011002	-13.517746	13.413559	-2.707687	0.745102	-6.785995
3148	7.244278	-13.510605	12.770859	-2.363220	0.662323	-6.916306
3154	7.732254	-13.820053	11.725876	-1.993118	0.567795	-7.024719
3159	7.565628	-13.734360	11.430710	-1.610199	0.466858	-7.105362
3164	7.541824	-13.627243	11.123642	-1.233154	0.339218	-7.182800
3169	7.522781	-13.489182	11.018906	-0.855576	0.195023	-7.245819
3174	7.494217	-13.305893	10.826096	-0.489212	0.043350	-7.298157
3179	7.579910	-13.020248	10.783249	-0.135132	-0.114731	-7.345688
3184	7.627518	-12.696518	10.685654	0.189575	-0.287766	-7.388947
3189	7.568008	-12.339462	10.721359	0.482239	-0.488571	-7.420456
3200	7.513260	-11.977646	10.785629	0.735916	-0.713409	-7.458908
3201	7.665604	-11.644394	10.607101	0.949539	-0.949463	-7.500031
3204	7.920303	-11.165939	10.383347	1.136459	-1.188187	-7.539551
3209	8.079788	-10.785080	10.097702	1.305222	-1.410889	-7.566788
3214	8.279739	-10.387558	9.869186	1.459030	-1.605286	-7.592957
3219	8.393997	-10.059067	9.790634	1.598419	-1.770309	-7.618591
3224	8.598709	-9.706772	9.871567	1.712173	-1.919846	-7.639954
3229	8.886734	-9.387802	9.866806	1.799759	-2.067245	-7.656509
3234	8.979568	-9.002182	9.793015	1.860107	-2.200760	-7.662384
3239	9.179520	-8.690353	9.907272	1.895889	-2.304367	-7.661316
3244	9.486588	-8.354721	9.802536	1.910843	-2.382339	-7.641022
3249	9.779373	-8.052414	9.671616	1.911377	-2.445358	-7.603104
3254	9.822220	-7.712021	9.973923	1.909775	-2.464584	-7.551300
3259	9.869827	-7.364487	10.357162	1.893753	-2.436813	-7.481873
3264	10.117386	-7.016953	10.478561	1.861176	-2.377533	-7.397491
3269	10.338760	-6.702744	10.197678	1.825928	-2.294220	-7.279465
3274	10.307816	-6.355209	9.990585	1.800827	-2.209839	-7.142212
3279	10.272110	-6.071945	9.664474	1.781601	-2.109436	-6.986801
3284	10.124527	-5.772018	9.221725	1.785873	-1.991409	-6.822311
3290	9.979324	-5.403061	8.790878	1.804565	-1.871246	-6.650345
3294	9.772232	-5.105515	8.595688	1.845688	-1.760162	-6.466629
3300	9.458023	-4.822250	8.393356	1.898026	-1.664566	-6.292526
3305	9.193802	-4.543747	8.052963	1.951431	-1.588196	-6.113083
3310	9.053360	-4.250961	7.431686	2.015518	-1.545471	-5.938446
3315	8.724869	-3.889145	6.898483	2.092957	-1.540131	-5.757401
3320	8.310684	-3.577316	6.484299	2.188019	-1.562561	-5.591843
3324	8.032181	-3.220261	6.027267	2.292160	-1.609558	-5.439102
3329	7.734634	-2.839401	5.696396	2.401642	-1.675781	-5.297577
3335	7.534683	-2.556137	5.541672	2.513260	-1.772980	-5.165131
3340	7.356155	-2.234787	5.303635	2.619003	-1.897415	-5.038559
3345	7.194290	-1.934860	4.944199	2.722610	-2.022385	-4.918930
3350	7.127640	-1.639694	4.565720	2.831024	-2.146820	-4.804642
3355	6.851517	-1.182663	4.125351	2.947449	-2.261642	-4.697296
3360	6.670609	-0.887497	3.887314	3.069748	-2.385544	-4.608109
3365	6.608719	-0.551865	3.673080	3.193649	-2.503571	-4.536011
3370	6.506363	-0.197189	3.763535	3.325027	-2.576736	-4.478333
3375	6.444473	0.121780	4.225327	3.457474	-2.560715	-4.438278
3380	6.175491	0.597855	4.627609	3.589920	-2.437347	-4.408905
3385	6.142166	0.883499	4.625229	3.709015	-2.248825	-4.383804
3390	6.165970	1.059647	4.472885	3.820633	-2.050690	-4.357635
3395	6.044571	1.078690	4.220566	3.931183	-1.859497	-4.327194
3400	5.887466	1.138199	3.770676	4.041733	-1.688065	-4.289276
3407	5.599442	1.157242	3.175583	4.157623	-1.544403	-4.244415
3410	5.349503	1.250076	2.544785	4.279922	-1.450943	-4.201691
3415	5.109085	1.271500	2.030624	4.405426	-1.420502	-4.162704
3420	5.016251	1.259598	1.514084	4.534134	-1.453079	-4.117844
3425	4.723465	1.404800	0.997543	4.663910	-1.529984	-4.069244
3431	4.518753	1.478592	0.454819	4.797424	-1.654419	-4.023849
3435	4.325943	1.657120	0.043015	4.935211	-1.801819	-3.980591
3441	4.116470	1.852310	-0.190262	5.077805	-1.957230	-3.945877
3446	4.056961	2.004654	-0.271194	5.222000	-2.098755	-3.917572
3451	3.983170	2.247452	-0.285477	5.362457	-2.215714	-3.898880
3456	3.978409	2.449783	-0.409256	5.499176	-2.310776	-3.882858
3461	3.935562	2.523575	-0.502090	5.630554	-2.370590	-3.872177
3466	3.921280	2.599747	-0.606827	5.760330	-2.414383	-3.866302
3471	3.590408	2.692581	-0.640152	5.882629	-2.435211	-3.865234
3476	3.454727	2.635452	-0.675858	6.004395	-2.436279	-3.877518
3481	3.395218	2.640213	-0.771072	6.120819	-2.429871	-3.897812
3486	3.230972	2.683060	-0.918655	6.239914	-2.422394	-3.918106
3491	3.164322	2.614029	-1.249527	6.357941	-2.435745	-3.937866
3496	3.073868	2.437881	-1.644669	6.482376	-2.466187	-3.953354
3501	2.895340	2.199844	-2.194534	6.617493	-2.517990	-3.968842
3507	2.852493	1.978470	-2.694412	6.772369	-2.577271	-3.980057
3511	2.833450	1.695206	-3.025284	6.946472	-2.658981	-3.979523
3516	3.321426	1.597610	-3.284744	7.129120	-2.729477	-3.970444
3521	3.735611	1.590469	-3.891739	7.328857	-2.782883	-3.934662
3526	3.995071	1.523819	-4.289261	7.544083	-2.807983	-3.879654
3531	3.661819	1.702347	-4.489212	7.772125	-2.785553	-3.801682
3536	3.464249	1.883255	-4.334488	8.007645	-2.678741	-3.722641
3541	3.580887	2.011795	-3.986954	8.236221	-2.493423	-3.651077
3546	3.833206	1.788040	-3.513260	8.430084	-2.245087	-3.570969
3551	3.833206	1.471451	-3.030045	8.591904	-1.944412	-3.473236
3556	3.702286	1.066788	-2.568253	8.707260	-1.603149	-3.360016
3562	3.633255	0.474075	-2.154068	8.778824	-1.226639	-3.247864
3566	3.497574	-0.256699	-1.682755	8.808731	-0.830902	-3.128769
3571	3.335709	-1.113632	-1.513748	8.789505	-0.422348	-3.004868
3576	3.471390	-1.925339	-1.587540	8.739838	-0.011658	-2.878296
3581	3.642776	-2.734665	-1.866043	8.655991	0.365921	-2.752792
3587	3.428543	-3.301193	-2.549210	8.564133	0.711456	-2.621948
3592	2.700150	-3.358322	-3.475174	8.478683	1.043640	-2.510330
3597	2.040787	-2.977463	-4.824844	8.416199	1.340042	-2.446777
3602	1.698013	-2.358566	-6.093582	8.379349	1.579300	-2.445709
3607	0.767288	-1.473068	-6.943375	8.363327	1.757675	-2.499649
3612	0.153152	-0.930344	-7.914566	8.356384	1.889053	-2.627289
3617	-0.115829	-0.847031	-8.259720	8.347839	1.956345	-2.819550
3622	-0.261032	-1.346909	-8.081192	8.306717	1.932312	-3.051331
3627	-0.325302	-2.115768	-7.902664	8.218063	1.829773	-3.310883
3632	-0.094406	-2.763229	-7.578934	8.074402	1.658875	-3.592865
3637	0.403091	-3.160751	-7.636063	7.887482	1.428162	-3.877518
3642	1.095779	-3.765366	-7.800308	7.670654	1.164871	-4.145081
3647	1.850357	-4.393784	-7.997879	7.446884	0.895706	-4.375793
3652	2.550186	-5.119797	-8.016922	7.227921	0.670334	-4.562180
3657	3.285721	-5.700607	-8.083572	7.023376	0.509048	-4.698898
3662	3.968887	-6.164780	-7.985977	6.666626	0.395294	-4.829208
3667	4.566360	-6.700363	-8.131180	6.666626	0.395294	-4.829208
3672	4.928177	-7.314499	-8.278763	6.521362	0.447632	-4.828140
3677	5.223343	-8.030991	-8.200211	6.401733	0.560318	-4.803040
3682	5.342361	-8.552292	-8.131180	6.177963	0.827347	-4.716522
3687	5.266190	-8.918869	-8.321609	6.072754	0.952316	-4.684479
3700	5.066238	-9.280685	-8.583450	5.967545	1.055923	-4.676468
3700	4.856766	-9.751999	-9.107132	5.868744	1.135498	-4.695160
3702	4.742508	-10.230453	-9.380875	5.773682	1.169678	-4.736816
3708	4.871048	-10.816025	-9.654617	5.677551	1.149384	-4.800903
3712	4.985306	-11.237350	-10.114029	5.581421	1.078354	-4.875137
3717	5.059097	-11.577744	-10.773392	5.504517	0.985428	-4.971268
3722	5.225723	-11.875290	-11.263748	5.432419	0.888763	-5.076477
3727	5.658951	-12.408493	-11.439896	5.357117	0.805450	-5.180618
3732	6.104080	-13.058334	-11.189957	5.263657	0.729080	-5.276215
3737	6.546829	-13.389206	-10.778152	5.141891	0.674072	-5.356323
3742	7.077652	-13.536789	-10.590103	5.000900	0.654846	-5.420944
3748	7.515640	-13.741501	-10.473465	4.843353	0.671402	-5.467941
3753	7.732254	-13.948593	-10.352066	4.678329	0.717331	-5.505325
3758	8.032181	-14.079514	-10.216385	4.501556	0.796371	-5.534164
3763	8.398758	-14.315170	-10.266373	4.321579	0.887695	-5.557129
3768	8.398758	-14.315170	-10.266373	4.123978	0.990768	-5.581696
3773	8.551102	-14.460373	-10.154495	3.922638	1.098114	-5.603058
3778	8.796280	-14.327072	-10.504410	3.722366	1.211334	-5.629761
3783	8.917679	-14.077133	-10.682938	3.524765	1.321350	-5.664474
3788	9.072403	-13.929550	-10.728165	3.330902	1.430298	-5.702927
3793	9.222366	-13.755783	-10.680557	3.135437	1.547791	-5.748322
3798	9.374710	-13.767685	-10.590103	2.935165	1.665283	-5.796921
3803	9.643692	-13.855759	-10.394913	2.725281	1.793991	-5.851395
3809	9.948380	-13.950974	-10.225906	2.502045	1.921631	-5.901062
3813	10.393509	-13.881943	-10.190201	2.272400	2.053009	-5.954468
3818	9.662735	-13.403488	-9.692703	2.025131	2.176376	-6.028168
3823	9.903152	-14.148544	-9.942642	1.779465	2.341934	-6.166489
3828	10.729141	-14.660324	-9.864090	1.549820	2.536865	-6.336853
3833	11.362320	-14.436569	-9.890274	1.339401	2.740341	-6.473572
3838	11.686050	-14.243759	-9.899796	1.150345	2.945953	-6.575043
3843	12.083572	-14.405624	-9.778397	0.984253	3.163849	-6.655151
3848	12.471573	-14.653183	-9.566544	0.836853	3.384949	-6.701080
3853	12.728653	-14.577011	-9.542740	0.697998	3.579346	-6.714432
3859	12.788162	-14.127121	-9.742691	0.563416	3.729950	-6.700546
3864	12.673904	-13.605820	-9.987869	0.442719	3.822876	-6.671173
3869	12.443008	-13.096420	-10.218765	0.337509	3.872543	-6.651947
3874	12.314468	-12.694138	-10.230667	0.238174	3.873611	-6.631653
3879	12.076431	-12.060959	-10.140213	0.135101	3.828217	-6.614029
3884	11.788406	-11.580124	-9.961685	0.025620	3.745972	-6.611893
3889	11.576553	-11.006454	-9.714127	-0.094009	3.643967	-6.618835
3894	11.486099	-10.394699	-9.630814	-0.229126	3.523270	-6.627380
3899	11.436111	-9.992416	-9.564163	-0.369049	3.383881	-6.645538
3904	11.243301	-9.530624	-9.178543	-0.512711	3.226334	-6.656754
3909	11.383743	-9.192612	-9.019058	-0.667587	3.080002	-6.667435
3914	11.369461	-8.868881	-8.740555	-0.828873	2.952896	-6.664764
3923	11.345657	-8.752243	-8.497757	-0.978943	2.853027	-6.651947
3926	11.157608	-8.754623	-8.116898	-1.132217	2.780930	-6.620972
3929	10.805313	-8.671310	-7.638443	-1.284958	2.742477	-6.580383
3936	10.626785	-8.423752	-7.440872	-1.433426	2.728058	-6.543533
3941	10.781509	-8.183334	-7.286148	-1.589905	2.697617	-6.504547
3946	10.871964	-7.914352	-7.217117	-1.742111	2.639404	-6.446869
3951	10.662491	-7.735825	-7.033829	-1.887909	2.559830	-6.369965
3956	10.512527	-7.528732	-6.891006	-2.026230	2.470108	-6.287186
3963	10.453018	-7.205002	-6.741043	-2.152267	2.385727	-6.200134
3965	10.284012	-6.847946	-6.533951	-2.271896	2.312027	-6.105606
3972	10.291153	-6.559921	-6.224503	-2.383514	2.254883	-6.006271
3977	10.326859	-6.321884	-5.943619	-2.487122	2.195068	-5.904266
3980	10.350662	-6.029099	-5.705582	-2.592865	2.145935	-5.789444
3987	10.203079	-5.526840	-5.672256	-2.692734	2.099472	-5.669281
3992	10.129288	-5.055527	-5.465164	-2.784592	2.053009	-5.547516
3997	9.912674	-4.517563	-5.120010	-2.874313	1.996933	-5.422546
4005	9.724625	-4.181931	-4.965286	-2.972580	1.941925	-5.303986
4006	9.536575	-3.670151	-4.634415	-3.074051	1.875702	-5.198776
4025	9.298538	-3.279770	-4.403519	-3.181931	1.806808	-5.106384
4026	9.148575	-2.936996	-4.005997	-3.298355	1.740585	-5.018799
4027	9.181900	-2.727524	-3.622757	-3.431335	1.678635	-4.942963
4028	9.141434	-2.653732	-3.137161	-3.568588	1.636978	-4.864456
4030	9.203323	-2.775131	-2.872940	-3.716522	1.612411	-4.777939
4035	9.096207	-2.948898	-2.330215	-3.862854	1.618286	-4.679138
4042	9.024796	-3.082199	-1.875565	-4.007050	1.674362	-4.571259
4045	8.915298	-3.153610	-1.677994	-4.148575	1.769424	-4.454300
4050	8.784378	-3.044113	-1.316177	-4.277283	1.881042	-4.330399
4055	8.593948	-2.825119	-1.182877	-4.398514	2.000137	-4.211304
4060	8.546341	-2.689438	-1.147171	-4.498383	2.122437	-4.094879
4065	8.486832	-2.639450	-1.273331	-4.577957	2.230850	-3.977386
4070	8.360672	-2.484726	-1.406631	-4.636703	2.334457	-3.857758
4075	8.079788	-2.196701	-1.487564	-4.667679	2.428986	-3.741333
4080	7.898880	-1.918198	-1.497086	-4.685303	2.505890	-3.626511
4085	7.701309	-1.632553	-1.551834	-4.685303	2.563568	-3.522903
4090	7.468033	-1.344528	-1.647049	-4.673019	2.596146	-3.431046
4095	7.113358	-1.113632	-1.587540	-4.648453	2.616974	-3.347733
4101	6.784866	-0.966049	-1.499466	-4.620148	2.604156	-3.286850
4106	6.515884	-0.882736	-1.413773	-4.591309	2.569443	-3.243057
4111	6.301651	-0.804184	-1.268570	-4.572617	2.512299	-3.214218
4116	5.977921	-0.685165	-1.104324	-4.557663	2.444473	-3.200867
4122	5.847000	-0.556625	-0.878189	-4.544846	2.341934	-3.206207
4128	5.497086	-0.494736	-0.583023	-4.546448	2.219635	-3.216888
4131	5.411392	-0.520920	-0.349747	-4.554993	2.078110	-3.244125
4138	5.532791	-0.737534	-0.140274	-4.568344	1.931244	-3.265488
4141	5.480423	-0.911301	0.231064	-4.586502	1.777435	-3.275101
4151	5.418533	-0.961288	0.376266	-4.605728	1.624695	-3.275635
4153	5.449478	-1.018417	0.481003	-4.624420	1.469284	-3.261749
4157	5.523270	-0.994614	0.592880	-4.642044	1.313873	-3.229172
4165	5.644669	-1.037460	0.761887	-4.658066	1.157394	-3.181641
4169	5.556595	-1.085068	0.971359	-4.670349	1.003052	-3.119690
4172	5.535172	-1.113632	1.259384	-4.677826	0.860458	-3.047592
4179	5.480423	-1.096970	1.528366	-4.684769	0.737091	-2.970688
4183	5.389969	-1.051743	1.952072	-4.699722	0.627609	-2.890045
4187	5.375687	-1.056503	2.097275	-4.708801	0.540024	-2.811005
4210	5.494705	-1.135056	2.482895	-4.725357	0.471664	-2.736237
4211	5.535172	-1.194565	2.809006	-4.742981	0.427872	-2.656662
4212	5.375687	-1.239792	3.185104	-4.762207	0.412918	-2.582428
4213	5.244766	-1.251694	3.561203	-4.783035	0.418259	-2.527420
4213	5.163834	-1.273117	4.022995	-4.812943	0.441757	-2.490570
4216	5.082901	-1.282639	4.396713	-4.854065	0.477539	-2.471878
4221	4.959122	-1.282639	4.694260	-4.901062	0.526672	-2.461731
4226	4.868668	-1.294540	4.958481	-4.956604	0.583817	-2.464401
4231	4.718704	-1.354050	5.163193	-5.015350	0.639893	-2.478287
4236	4.630630	-1.477829	5.217941	-5.076233	0.695435	-2.506592
4241	4.513992	-1.675400	5.332199	-5.136047	0.738159	-2.539703
4246	4.461624	-1.887253	5.401230	-5.185715	0.770737	-2.571213
4251	4.540176	-2.072922	5.413132	-5.236450	0.794235	-2.601654
4256	4.618729	-2.258591	5.370285	-5.277039	0.803314	-2.616608
4262	4.852005	-2.510910	5.248886	-5.313354	0.792633	-2.617142
4267	4.906754	-2.663254	5.315536	-5.357147	0.707184	-2.572815
4272	4.797256	-2.889389	5.260788	-5.357147	0.707184	-2.572815
4277	4.842484	-3.175034	5.279831	-5.369431	0.645767	-2.540237
4282	4.802017	-3.346420	5.563095	-5.376373	0.574203	-2.498047
4287	4.868668	-3.534470	5.786850	-5.383316	0.490356	-2.451050
4292	4.904373	-3.689194	5.889206	-5.388657	0.394760	-2.393906
4297	5.011490	-3.860580	6.101059	-5.390259	0.283676	-2.332489
4318	5.021011	-4.020065	6.329575	-5.394531	0.160309	-2.278015
4319	4.894852	-4.096237	6.579514	-5.397202	0.038010	-2.233154
4319	4.694901	-4.177170	6.815170	-5.374771	-0.199646	-2.209122
4320	4.694901	-4.260483	6.993698	-5.353943	-0.309662	-2.227280
4322	4.661575	-4.355698	7.096054	-5.325638	-0.407394	-2.261993
4327	4.694901	-4.436630	7.186508	-5.280777	-0.490173	-2.309525
4332	4.671097	-4.608017	7.336472	-5.231110	-0.556931	-2.363998
4339	4.680618	-4.698471	7.526901	-5.179840	-0.615677	-2.433960
4342	4.763931	-4.848434	7.819687	-5.124832	-0.668015	-2.504990
4348	4.999588	-5.010300	8.031540	-5.070892	-0.711273	-2.568008
4354	5.270950	-5.234055	8.224350	-5.018555	-0.766815	-2.625153
4357	5.670853	-5.493515	8.462387	-4.969421	-0.827698	-2.660400
4366	6.046951	-5.733932	8.738510	-4.929901	-0.888580	-2.679092
4371	6.787247	-6.052902	9.571640	-4.898392	-0.960144	-2.688171
4372	6.787247	-6.052902	9.571640	-4.887177	-1.022629	-2.689774
4381	7.015762	-6.164780	10.083420	-4.885574	-1.080841	-2.687637
4383	7.287125	-6.267136	10.542831	-4.897858	-1.120361	-2.691376
4391	7.620377	-6.326645	10.885605	-4.915482	-1.134781	-2.703125
4393	7.784622	-6.338547	11.540207	-4.945923	-1.128372	-2.730896
4401	7.770340	-6.295700	12.294785	-4.991318	-1.094727	-2.783234
4403	7.827469	-6.221909	13.213608	-5.045792	-1.031708	-2.868683
4411	8.148819	-6.207626	13.589706	-5.098129	-0.949463	-2.972290
4416	8.422562	-6.200485	13.863449	-5.148331	-0.842651	-3.089249
4418	8.689163	-6.274277	14.241928	-5.195328	-0.719818	-3.210480
4426	8.786758	-6.340927	14.510910	-5.241791	-0.600723	-3.345596
4428	8.708206	-6.459946	14.965561	-5.288254	-0.482162	-3.494064
4436	8.734390	-6.702744	15.115524	-5.331512	-0.359329	-3.667099
4438	8.831985	-6.940781	15.374985	-5.373703	-0.230087	-3.852951
4446	8.970047	-7.069321	15.577316	-5.406281	-0.110992	-4.046280
4448	9.036697	-7.164536	15.789169	-5.424438	0.016647	-4.235870
4455	9.067642	-7.269272	15.812973	-5.432449	0.126663	-4.423325
4459	9.043839	-7.407333	15.708237	-5.428711	0.215317	-4.604904
4466	8.941483	-7.616806	15.505905	-5.399872	0.278870	-4.777939
4471	8.905777	-7.883408	15.313095	-5.340057	0.315720	-4.951508
4475	8.884354	-8.130966	14.898911	-5.253540	0.331207	-5.112259
4480	8.805801	-8.280930	14.508530	-5.128036	0.339218	-5.261795
4485	8.434464	-8.511826	14.384750	-4.962479	0.344025	-5.404922
4490	7.798904	-8.816513	14.384750	-4.768082	0.370193	-5.557129
4495	7.368057	-9.156906	14.468063	-4.554459	0.389420	-5.718948
4500	7.032425	-9.571091	14.646591	-4.331223	0.396362	-5.888245
4505	6.603958	-9.880539	14.748947	-4.106918	0.375000	-6.062881
4510	6.242142	-10.320908	14.710861	-3.876740	0.333344	-6.235916
4516	6.008865	-10.694626	14.508530	-3.636414	0.271393	-6.406815
4520	5.842239	-11.099289	14.363327	-3.385406	0.176331	-6.565430
4525	5.918411	-11.494431	14.220505	-3.121582	0.053497	-6.703751
4530	6.149307	-11.839584	13.932480	-2.850815	-0.110458	-6.812698
4536	6.263565	-12.127609	13.511154	-2.569901	-0.301117	-6.889069
4540	6.451614	-12.363266	13.230270	-2.266556	-0.498184	-6.940872
4545	6.706314	-12.458481	12.977951	-1.951996	-0.682968	-6.975052
4550	7.056229	-12.489426	12.958908	-1.631561	-0.851196	-6.981995
4556	7.429947	-12.472763	13.013657	-1.317535	-1.006607	-6.962769
4560	7.758438	-12.358505	13.235031	-1.015259	-1.137985	-6.918442
4570	7.967911	-12.260910	13.339767	-0.726868	-1.249603	-6.857025
4572	8.163101	-12.089523	13.175522	-0.459839	-1.343597	-6.781723
